NAME    LJ_WDEPTH   LJ_RADIUS   LJ_3B_WDEPTH    LJ_3B_RADIUS
# Rosetta atom_properties file
# Generated using itp_to_param.py
# Original file: system.top
# Author: tfobe
# Date: Friday, 17. June 2022
# Time: 07:07PM
# System: Linux-5.14.0-1042-oem-x86_64-with-glibc2.31
h1   -0.06532   1.44381  -0.06532   1.44381
h2   -0.06866   1.44979  -0.06866   1.44979
h3   -0.05896   0.61928  -0.05896   0.61928
h4   -0.06532   1.44381  -0.06532   1.44381
h5   -0.06532   1.44381  -0.06532   1.44381
h6   -0.06532   1.44381  -0.06532   1.44381
h7   -0.06532   1.44381  -0.06532   1.44381
h8   -0.06532   1.44381  -0.06532   1.44381
h9   -0.06532   1.44381  -0.06532   1.44381
h10  -0.06532   1.44381  -0.06532   1.44381
h11  -0.06866   1.44979  -0.06866   1.44979
h12  -0.06532   1.44381  -0.06532   1.44381
h13  -0.05896   0.61928  -0.05896   0.61928
h14  -0.06532   1.44381  -0.06532   1.44381
h15  -0.06532   1.44381  -0.06532   1.44381
h16  -0.06532   1.44381  -0.06532   1.44381
h17  -0.06532   1.44381  -0.06532   1.44381
h18  -0.06532   1.44381  -0.06532   1.44381
h19  -0.06532   1.44381  -0.06532   1.44381
h20  -0.06532   1.44381  -0.06532   1.44381
h21  -0.06866   1.44979  -0.06866   1.44979
h22  -0.06532   1.44381  -0.06532   1.44381
h23  -0.06532   1.44381  -0.06532   1.44381
h24  -0.06532   1.44381  -0.06532   1.44381
h25  -0.06532   1.44381  -0.06532   1.44381
h26  -0.06532   1.44381  -0.06532   1.44381
h27  -0.06532   1.44381  -0.06532   1.44381
h28  -0.06532   1.44381  -0.06532   1.44381
h29  -0.06866   1.44979  -0.06866   1.44979
h30  -0.06532   1.44381  -0.06532   1.44381
h31  -0.06866   1.44979  -0.06866   1.44979
h32  -0.06532   1.44381  -0.06532   1.44381
h33  -0.06532   1.44381  -0.06532   1.44381
h34  -0.06532   1.44381  -0.06532   1.44381
h35  -0.06532   1.44381  -0.06532   1.44381
h36  -0.06602    1.4842  -0.06602    1.4842
h37  -0.06602    1.4842  -0.06602    1.4842
h38  -0.06602    1.4842  -0.06602    1.4842
h39  -0.06602    1.4842  -0.06602    1.4842
h40  -0.05896   0.61928  -0.05896   0.61928
h41  -0.06532   1.44381  -0.06532   1.44381
c1   -0.3635   1.95345   -0.3635   1.95345
c2   -0.3635   1.95345   -0.3635   1.95345
h42  -0.06532   1.44381  -0.06532   1.44381
o1   -0.70486   1.69778  -0.70486   1.69778
c3   -0.3635   1.95345   -0.3635   1.95345
c4   -0.45539    1.8967  -0.45539    1.8967
h43  -0.06866   1.44979  -0.06866   1.44979
c5   -0.3635   1.95345   -0.3635   1.95345
h44  -0.06532   1.44381  -0.06532   1.44381
h45  -0.06532   1.44381  -0.06532   1.44381
c6   -0.3635   1.95345   -0.3635   1.95345
h46  -0.06602    1.4842  -0.06602    1.4842
h47  -0.06602    1.4842  -0.06602    1.4842
h48  -0.06602    1.4842  -0.06602    1.4842
h49  -0.06602    1.4842  -0.06602    1.4842
h50  -0.06602    1.4842  -0.06602    1.4842
h51  -0.06532   1.44381  -0.06532   1.44381
h52  -0.06532   1.44381  -0.06532   1.44381
h53  -0.06866   1.44979  -0.06866   1.44979
c7   -0.3635   1.95345   -0.3635   1.95345
h54  -0.06866   1.44979  -0.06866   1.44979
h55  -0.05896   0.61928  -0.05896   0.61928
n1   -0.70162    1.7998  -0.70162    1.7998
h56  -0.06532   1.44381  -0.06532   1.44381
h57  -0.06532   1.44381  -0.06532   1.44381
c8   -0.45539    1.8967  -0.45539    1.8967
h58  -0.06532   1.44381  -0.06532   1.44381
h59  -0.06532   1.44381  -0.06532   1.44381
h60  -0.06532   1.44381  -0.06532   1.44381
h61  -0.06532   1.44381  -0.06532   1.44381
c9   -0.3635   1.95345   -0.3635   1.95345
c10  -0.45539    1.8967  -0.45539    1.8967
h62  -0.06532   1.44381  -0.06532   1.44381
h63  -0.06532   1.44381  -0.06532   1.44381
h64  -0.06532   1.44381  -0.06532   1.44381
h65  -0.06532   1.44381  -0.06532   1.44381
h66  -0.06532   1.44381  -0.06532   1.44381
h67  -0.06532   1.44381  -0.06532   1.44381
c11  -0.45539    1.8967  -0.45539    1.8967
c12  -0.3635   1.95345   -0.3635   1.95345
o2   -0.8795   1.70604   -0.8795   1.70604
o3   -0.8795   1.70604   -0.8795   1.70604
c13  -0.45539    1.8967  -0.45539    1.8967
h68  -0.06532   1.44381  -0.06532   1.44381
h69  -0.06532   1.44381  -0.06532   1.44381
c14  -0.3635   1.95345   -0.3635   1.95345
c15  -0.3635   1.95345   -0.3635   1.95345
c16  -0.3635   1.95345   -0.3635   1.95345
c17  -0.3635   1.95345   -0.3635   1.95345
c18  -0.3635   1.95345   -0.3635   1.95345
c19  -0.3635   1.95345   -0.3635   1.95345
c20  -0.3635   1.95345   -0.3635   1.95345
c21  -0.3635   1.95345   -0.3635   1.95345
c22  -0.3635   1.95345   -0.3635   1.95345
c23  -0.3635   1.95345   -0.3635   1.95345
c24  -0.3635   1.95345   -0.3635   1.95345
c25  -0.3635   1.95345   -0.3635   1.95345
c26  -0.3635   1.95345   -0.3635   1.95345
c27  -0.3635   1.95345   -0.3635   1.95345
c28  -0.3635   1.95345   -0.3635   1.95345
c29  -0.3635   1.95345   -0.3635   1.95345
c30  -0.3635   1.95345   -0.3635   1.95345
c31  -0.3635   1.95345   -0.3635   1.95345
c32  -0.3635   1.95345   -0.3635   1.95345
c33  -0.3635   1.95345   -0.3635   1.95345
c34  -0.45539    1.8967  -0.45539    1.8967
n2   -0.70162    1.7998  -0.70162    1.7998
c35  -0.3635   1.95345   -0.3635   1.95345
o4   -0.8795   1.70604   -0.8795   1.70604
c36  -0.3635   1.95345   -0.3635   1.95345
c37  -0.3635   1.95345   -0.3635   1.95345
c38  -0.3635   1.95345   -0.3635   1.95345
c39  -0.3635   1.95345   -0.3635   1.95345
c40  -0.3635   1.95345   -0.3635   1.95345
c41  -0.3635   1.95345   -0.3635   1.95345
c42  -0.3635   1.95345   -0.3635   1.95345
c43  -0.3635   1.95345   -0.3635   1.95345
c44  -0.3635   1.95345   -0.3635   1.95345
c45  -0.3635   1.95345   -0.3635   1.95345
c46  -0.3635   1.95345   -0.3635   1.95345
c47  -0.3635   1.95345   -0.3635   1.95345
c48  -0.3635   1.95345   -0.3635   1.95345
c49  -0.3635   1.95345   -0.3635   1.95345
c50  -0.3635   1.95345   -0.3635   1.95345
c51  -0.3635   1.95345   -0.3635   1.95345
c52  -0.3635   1.95345   -0.3635   1.95345
c53  -0.3635   1.95345   -0.3635   1.95345
c54  -0.3635   1.95345   -0.3635   1.95345
c55  -0.45539    1.8967  -0.45539    1.8967
n3   -0.70162    1.7998  -0.70162    1.7998
o5   -0.8795   1.70604   -0.8795   1.70604
c56  -0.3635   1.95345   -0.3635   1.95345
c57  -0.3635   1.95345   -0.3635   1.95345
c58  -0.3635   1.95345   -0.3635   1.95345
c59  -0.3635   1.95345   -0.3635   1.95345
c60  -0.3635   1.95345   -0.3635   1.95345
c61  -0.3635   1.95345   -0.3635   1.95345
c62  -0.3635   1.95345   -0.3635   1.95345
c63  -0.3635   1.95345   -0.3635   1.95345
c64  -0.3635   1.95345   -0.3635   1.95345
c65  -0.3635   1.95345   -0.3635   1.95345
c66  -0.3635   1.95345   -0.3635   1.95345
c67  -0.3635   1.95345   -0.3635   1.95345
c68  -0.3635   1.95345   -0.3635   1.95345
c69  -0.3635   1.95345   -0.3635   1.95345
c70  -0.3635   1.95345   -0.3635   1.95345
c71  -0.3635   1.95345   -0.3635   1.95345
c72  -0.3635   1.95345   -0.3635   1.95345
c73  -0.3635   1.95345   -0.3635   1.95345
c74  -0.3635   1.95345   -0.3635   1.95345
c75  -0.45539    1.8967  -0.45539    1.8967
n4   -0.70162    1.7998  -0.70162    1.7998
o6   -0.8795   1.70604   -0.8795   1.70604
c76  -0.3635   1.95345   -0.3635   1.95345
c77  -0.3635   1.95345   -0.3635   1.95345
c78  -0.3635   1.95345   -0.3635   1.95345
c79  -0.3635   1.95345   -0.3635   1.95345
c80  -0.3635   1.95345   -0.3635   1.95345
c81  -0.3635   1.95345   -0.3635   1.95345
c82  -0.3635   1.95345   -0.3635   1.95345
c83  -0.3635   1.95345   -0.3635   1.95345
c84  -0.3635   1.95345   -0.3635   1.95345
c85  -0.3635   1.95345   -0.3635   1.95345
o7   -0.70486   1.69778  -0.70486   1.69778
h70  -0.06866   1.44979  -0.06866   1.44979
c86  -0.45539    1.8967  -0.45539    1.8967
h71  -0.06866   1.44979  -0.06866   1.44979
h72  -0.06866   1.44979  -0.06866   1.44979
